!Numbers
nbNodes:16
nbChargings: 4
nbConsumers: 10
nbVehicles: 4
nbStages: 5
Bdepot: 1
Edepot: 16

!Time-independent Parameters
Q   : 77.75     
Ce  : 0.5       
Cv  : 45000     
Ch  : 0.8       
Cb  : 8000      
delta : 0.00006
sl  : 225
r   : 1.2
M   : 1326
!beta_0 : 1
beta_0 : 0.168
beta_1 : 0.06
beta_2 : 0.19
lambda_f : 0.00005  
lambda_n : 0.00003 

d : [0.00 30.81 50.29 18.11 30.81 37.20 38.08 40.05 17.12 24.35 36.06 37.05 36.24 42.76 53.46 0.00
30.81 0.00 50.00 17.46 36.00 6.40 10.44 66.94 41.88 17.72 5.39 29.83 7.07 67.74 47.42 30.81
50.29 50.00 0.00 56.61 77.18 51.97 59.91 52.35 67.19 33.97 53.00 20.25 56.30 48.26 9.43 50.29
18.11 17.46 56.61 0.00 21.19 23.32 21.40 58.00 24.84 23.26 21.63 38.48 20.52 60.30 56.80 18.11
30.81 36.00 77.18 21.19 0.00 40.31 34.48 68.01 23.02 44.38 38.33 59.62 35.69 71.87 77.88 30.81
37.20 6.40 51.97 23.32 40.31 0.00 8.60 72.80 48.01 22.02 2.00 31.76 5.39 73.35 48.27 37.20
38.08 10.44 59.91 21.40 34.48 8.60 0.00 76.12 45.97 28.16 7.07 39.66 3.61 77.32 56.64 38.08
40.05 66.94 52.35 58.00 68.01 72.80 76.12 0.00 46.10 52.39 72.28 54.67 73.55 6.32 60.75 40.05
17.12 41.88 67.19 24.84 23.02 48.01 45.97 46.10 0.00 40.45 46.40 54.00 45.34 50.61 70.58 17.12
24.35 17.72 33.97 23.26 44.38 22.02 28.16 52.39 40.45 0.00 22.20 15.23 24.74 52.20 33.54 24.35
36.06 5.39 53.00 21.63 38.33 2.00 7.07 72.28 46.40 22.20 0.00 32.76 3.61 72.99 49.58 36.06
37.05 29.83 20.25 38.48 59.62 31.76 39.66 54.67 54.00 15.23 32.76 0.00 36.06 52.70 18.36 37.05
36.24 7.07 56.30 20.52 35.69 5.39 3.61 73.55 45.34 24.74 3.61 36.06 0.00 74.55 53.08 36.24
42.76 67.74 48.26 60.30 71.87 73.35 77.32 6.32 50.61 52.20 72.99 52.70 74.55 0.00 57.01 42.76
53.46 47.42 9.43 56.80 77.88 48.27 56.64 60.75 70.58 33.54 49.58 18.36 53.08 57.01 0.00 53.46
0.00 30.81 50.29 18.11 30.81 37.20 38.08 40.05 17.12 24.35 36.06 37.05 36.24 42.76 53.46 0.00]

t : [0.00 30.81 50.29 18.11 30.81 37.20 38.08 40.05 17.12 24.35 36.06 37.05 36.24 42.76 53.46 0.00
30.81 0.00 50.00 17.46 36.00 6.40 10.44 66.94 41.88 17.72 5.39 29.83 7.07 67.74 47.42 30.81
50.29 50.00 0.00 56.61 77.18 51.97 59.91 52.35 67.19 33.97 53.00 20.25 56.30 48.26 9.43 50.29
18.11 17.46 56.61 0.00 21.19 23.32 21.40 58.00 24.84 23.26 21.63 38.48 20.52 60.30 56.80 18.11
30.81 36.00 77.18 21.19 0.00 40.31 34.48 68.01 23.02 44.38 38.33 59.62 35.69 71.87 77.88 30.81
37.20 6.40 51.97 23.32 40.31 0.00 8.60 72.80 48.01 22.02 2.00 31.76 5.39 73.35 48.27 37.20
38.08 10.44 59.91 21.40 34.48 8.60 0.00 76.12 45.97 28.16 7.07 39.66 3.61 77.32 56.64 38.08
40.05 66.94 52.35 58.00 68.01 72.80 76.12 0.00 46.10 52.39 72.28 54.67 73.55 6.32 60.75 40.05
17.12 41.88 67.19 24.84 23.02 48.01 45.97 46.10 0.00 40.45 46.40 54.00 45.34 50.61 70.58 17.12
24.35 17.72 33.97 23.26 44.38 22.02 28.16 52.39 40.45 0.00 22.20 15.23 24.74 52.20 33.54 24.35
36.06 5.39 53.00 21.63 38.33 2.00 7.07 72.28 46.40 22.20 0.00 32.76 3.61 72.99 49.58 36.06
37.05 29.83 20.25 38.48 59.62 31.76 39.66 54.67 54.00 15.23 32.76 0.00 36.06 52.70 18.36 37.05
36.24 7.07 56.30 20.52 35.69 5.39 3.61 73.55 45.34 24.74 3.61 36.06 0.00 74.55 53.08 36.24
42.76 67.74 48.26 60.30 71.87 73.35 77.32 6.32 50.61 52.20 72.99 52.70 74.55 0.00 57.01 42.76
53.46 47.42 9.43 56.80 77.88 48.27 56.64 60.75 70.58 33.54 49.58 18.36 53.08 57.01 0.00 53.46
0.00 30.81 50.29 18.11 30.81 37.20 38.08 40.05 17.12 24.35 36.06 37.05 36.24 42.76 53.46 0.00]

tb: [0 181 667 584 1042 274 744 810 263 929 177 0 0 0 0 0]
te: [1326 337 821 746 1196 420 888 958 401 1079 333 1326 1326 1326 1326 1326]
ts: [0 90 90 90 90 90 90 90 90 90 90 0 0 0 0 0]

EkmB : 0.168 
alphaB : 1
min_alpha : 0.8