!Numbers
nbNodes:9
nbChargings: 2
nbConsumers: 5
nbVehicles: 3
nbStages: 5
Bdepot: 1
Edepot: 9

!Time-independent Parameters
Q   : 77.75     
Ce  : 0.5       
Cv  : 45000     
Ch  : 0.8       
Cb  : 8000      
delta : 0.00006
sl  : 225
r   : 1.2
M   : 1326
!beta_0 : 1
beta_0 : 0.168
beta_1 : 0.06
beta_2 : 0.19
lambda_f : 0.00005 
lambda_n : 0.00003  


d : [0.00 20.62 38.08 38.08 29.73 21.54 35.17 24.02 0.00
20.62 0.00 30.41 46.10 48.26 37.54 31.02 34.67 20.62
38.08 30.41 0.00 30.00 49.74 59.62 6.08 60.64 38.08
38.08 46.10 30.00 0.00 28.18 55.44 24.02 61.13 38.08
29.73 48.26 49.74 28.18 0.00 36.06 44.10 44.69 29.73
21.54 37.54 59.62 55.44 36.06 0.00 56.61 9.85 21.54
35.17 31.02 6.08 24.02 44.10 56.61 0.00 58.55 35.17
24.02 34.67 60.64 61.13 44.69 9.85 58.55 0.00 24.02
0.00 20.62 38.08 38.08 29.73 21.54 35.17 24.02 0.00]

t : [0.00 20.62 38.08 38.08 29.73 21.54 35.17 24.02 0.00
20.62 0.00 30.41 46.10 48.26 37.54 31.02 34.67 20.62
38.08 30.41 0.00 30.00 49.74 59.62 6.08 60.64 38.08
38.08 46.10 30.00 0.00 28.18 55.44 24.02 61.13 38.08
29.73 48.26 49.74 28.18 0.00 36.06 44.10 44.69 29.73
21.54 37.54 59.62 55.44 36.06 0.00 56.61 9.85 21.54
35.17 31.02 6.08 24.02 44.10 56.61 0.00 58.55 35.17
24.02 34.67 60.64 61.13 44.69 9.85 58.55 0.00 24.02
0.00 20.62 38.08 38.08 29.73 21.54 35.17 24.02 0.00]


tb: [0 355 176 744 737 263 0 0 0]
te: [1326 497 318 888 899 415 1326 1326 1326]
ts: [0 90 90 90 90 90 0 0 0]

EkmB : 0.168
alphaB : 1
min_alpha : 0.8