!Numbers
nbNodes:10
nbChargings: 3
nbConsumers: 5
nbVehicles: 3
nbStages: 5
Bdepot: 1
Edepot: 10

!Time-independent Parameters
Q   : 77.75     
Ce  : 0.5       
Cv  : 45000     
Ch  : 0.8       
Cb  : 8000      
delta : 0.00006
sl  : 225
r   : 1.2
M   : 3390
!beta_0 : 1
beta_0 : 0.168
beta_1 : 0.06
beta_2 : 0.19
lambda_f : 0.00005  
lambda_n : 0.00003  

d : [0.00 38.08 45.18 31.05 32.39 15.81 37.20 24.02 41.68 0.00
38.08 0.00 49.20 30.89 67.74 50.00 8.60 35.17 59.81 38.08
45.18 49.20 0.00 19.21 48.83 60.01 41.05 21.59 19.24 45.18
31.05 30.89 19.21 0.00 47.17 46.84 23.41 9.22 29.61 31.05
32.39 67.74 48.83 47.17 0.00 33.60 64.29 38.08 32.89 32.39
15.81 50.00 60.01 46.84 33.60 0.00 50.93 39.46 53.45 15.81
37.20 8.60 41.05 23.41 64.29 50.93 0.00 29.07 52.89 37.20
24.02 35.17 21.59 9.22 38.08 39.46 29.07 0.00 25.06 24.02
41.68 59.81 19.24 29.61 32.89 53.45 52.89 25.06 0.00 41.68
0.00 38.08 45.18 31.05 32.39 15.81 37.20 24.02 41.68 0.00]

t : [0.00 38.08 45.18 31.05 32.39 15.81 37.20 24.02 41.68 0.00
38.08 0.00 49.20 30.89 67.74 50.00 8.60 35.17 59.81 38.08
45.18 49.20 0.00 19.21 48.83 60.01 41.05 21.59 19.24 45.18
31.05 30.89 19.21 0.00 47.17 46.84 23.41 9.22 29.61 31.05
32.39 67.74 48.83 47.17 0.00 33.60 64.29 38.08 32.89 32.39
15.81 50.00 60.01 46.84 33.60 0.00 50.93 39.46 53.45 15.81
37.20 8.60 41.05 23.41 64.29 50.93 0.00 29.07 52.89 37.20
24.02 35.17 21.59 9.22 38.08 39.46 29.07 0.00 25.06 24.02
41.68 59.81 19.24 29.61 32.89 53.45 52.89 25.06 0.00 41.68
0.00 38.08 45.18 31.05 32.39 15.81 37.20 24.02 41.68 0.00]


tb: [0 1954 1442 693 1419 948 0 0 0 0]
te: [3390.0 2626.0 2150.0 1305.0 2059.0 1660.0 3390.0 3390.0 3390.0 3390.0]
ts: [0 90 90 90 90 90 0 0 0 0 ]

EkmB : 0.168
alphaB : 1
min_alpha : 0.8